position,x,y,z,timestamp
"pos_a",1.037109375,0.265869140625,0.041015625,1491435285231
"pos_a",1.037109375,0.265869140625,0.041015625,1491435285231
"pos_a",1.01806640625,0.255615234375,0.034912109375,1491435285241
"pos_a",1.01806640625,0.255615234375,0.034912109375,1491435285241
"pos_a",1.01806640625,0.255615234375,0.034912109375,1491435285245
"pos_a",1.01806640625,0.255615234375,0.034912109375,1491435285245
"pos_a",1.00341796875,0.253662109375,0.032470703125,1491435285254
"pos_a",1.00341796875,0.253662109375,0.032470703125,1491435285254
"pos_a",1.00341796875,0.253662109375,0.032470703125,1491435285258
"pos_a",1.00341796875,0.253662109375,0.032470703125,1491435285258
"pos_a",0.9755859375,0.25634765625,0.032958984375,1491435285270
"pos_a",0.9755859375,0.25634765625,0.032958984375,1491435285270
"pos_a",0.9755859375,0.25634765625,0.032958984375,1491435285273
"pos_a",0.9755859375,0.25634765625,0.032958984375,1491435285273
"pos_a",0.95751953125,0.27099609375,0.0380859375,1491435285309
"pos_a",0.95751953125,0.27099609375,0.0380859375,1491435285309
"pos_a",0.94873046875,0.280029296875,0.0419921875,1491435285312
"pos_a",0.94287109375,0.290283203125,0.04541015625,1491435285414
"pos_a",0.94287109375,0.290283203125,0.04541015625,1491435285414
"pos_a",0.94287109375,0.290283203125,0.04541015625,1491435285418
"pos_a",0.94287109375,0.290283203125,0.04541015625,1491435285418
"pos_a",0.93603515625,0.2763671875,0.041015625,1491435285423
"pos_a",0.93603515625,0.2763671875,0.041015625,1491435285423
"pos_a",0.93603515625,0.2763671875,0.041015625,1491435285427
"pos_a",0.93603515625,0.2763671875,0.041015625,1491435285427
"pos_a",0.946044921875,0.269775390625,0.039306640625,1491435285431
"pos_a",0.946044921875,0.269775390625,0.039306640625,1491435285432
"pos_a",0.946044921875,0.269775390625,0.039306640625,1491435285435
"pos_a",0.946044921875,0.269775390625,0.039306640625,1491435285435
"pos_a",0.9794921875,0.257080078125,0.03125,1491435285440
"pos_a",0.9794921875,0.257080078125,0.03125,1491435285440
"pos_a",0.9794921875,0.257080078125,0.03125,1491435285447
"pos_a",0.9794921875,0.257080078125,0.03125,1491435285447
"pos_a",1.008056640625,0.25439453125,0.027099609375,1491435285451
"pos_a",1.008056640625,0.25439453125,0.027099609375,1491435285451
"pos_a",1.008056640625,0.25439453125,0.027099609375,1491435285455
"pos_a",1.008056640625,0.25439453125,0.027099609375,1491435285456
"pos_a",1.001953125,0.254150390625,0.026123046875,1491435285460
"pos_a",1.001953125,0.254150390625,0.026123046875,1491435285460
"pos_a",1.001953125,0.254150390625,0.026123046875,1491435285464
"pos_a",1.001953125,0.254150390625,0.026123046875,1491435285464
"pos_a",0.9599609375,0.258544921875,0.025634765625,1491435285469
"pos_a",0.9599609375,0.258544921875,0.025634765625,1491435285469
"pos_a",0.9599609375,0.258544921875,0.025634765625,1491435285473
"pos_a",0.9599609375,0.258544921875,0.025634765625,1491435285473
"pos_a",0.891357421875,0.265869140625,0.0263671875,1491435285487
"pos_a",0.891357421875,0.265869140625,0.0263671875,1491435285487
"pos_a",0.891357421875,0.265869140625,0.0263671875,1491435285491
"pos_a",0.891357421875,0.265869140625,0.0263671875,1491435285491
"pos_a",0.864990234375,0.272216796875,0.028564453125,1491435285507
"pos_a",0.864990234375,0.272216796875,0.028564453125,1491435285507
"pos_a",0.966064453125,0.274658203125,0.0673828125,1491435285656
"pos_a",0.966064453125,0.274658203125,0.0673828125,1491435285656
"pos_a",0.966064453125,0.274658203125,0.0673828125,1491435285660
"pos_a",0.966064453125,0.274658203125,0.0673828125,1491435285660
"pos_a",0.968505859375,0.277587890625,0.07177734375,1491435285670
"pos_a",0.968505859375,0.277587890625,0.07177734375,1491435285670
"pos_a",0.968505859375,0.277587890625,0.07177734375,1491435285674
"pos_a",0.968505859375,0.277587890625,0.07177734375,1491435285675
"pos_a",0.96337890625,0.28759765625,0.072998046875,1491435285687
"pos_a",0.96337890625,0.28759765625,0.072998046875,1491435285687
"pos_a",0.96337890625,0.28759765625,0.072998046875,1491435285691
"pos_a",0.96337890625,0.28759765625,0.072998046875,1491435285691
"pos_a",0.959228515625,0.291259765625,0.070556640625,1491435285705
"pos_a",0.959228515625,0.291259765625,0.070556640625,1491435285705
"pos_a",0.959228515625,0.291259765625,0.070556640625,1491435285708
"pos_a",0.959228515625,0.291259765625,0.070556640625,1491435285708
"pos_a",0.9443359375,0.2958984375,0.077880859375,1491435285722
"pos_a",0.9443359375,0.2958984375,0.077880859375,1491435285722
"pos_a",0.9443359375,0.2958984375,0.077880859375,1491435285727
"pos_a",0.9443359375,0.2958984375,0.077880859375,1491435285727
"pos_a",0.939697265625,0.285888671875,0.085205078125,1491435285738
"pos_a",0.939697265625,0.285888671875,0.085205078125,1491435285738
"pos_a",0.939697265625,0.285888671875,0.085205078125,1491435285742
"pos_a",0.939697265625,0.285888671875,0.085205078125,1491435285742
"pos_a",0.944580078125,0.29443359375,0.091064453125,1491435285755
"pos_a",0.944580078125,0.29443359375,0.091064453125,1491435285755
"pos_a",0.944580078125,0.29443359375,0.091064453125,1491435285759
"pos_a",0.944580078125,0.29443359375,0.091064453125,1491435285759
"pos_a",0.95458984375,0.2802734375,0.103759765625,1491435285772
"pos_a",0.95458984375,0.2802734375,0.103759765625,1491435285772
"pos_a",0.95458984375,0.2802734375,0.103759765625,1491435285777
"pos_a",0.95458984375,0.2802734375,0.103759765625,1491435285777
"pos_a",0.96728515625,0.286865234375,0.132080078125,1491435285791
"pos_a",0.96728515625,0.286865234375,0.132080078125,1491435285791
"pos_a",1.029052734375,0.41943359375,0.163818359375,1491435285998
"pos_a",1.024658203125,0.423095703125,0.15478515625,1491435286002
"pos_a",1.024658203125,0.423095703125,0.15478515625,1491435286002
"pos_a",0.967041015625,0.392333984375,0.12939453125,1491435286009
"pos_a",0.967041015625,0.392333984375,0.12939453125,1491435286009
"pos_a",0.967041015625,0.392333984375,0.12939453125,1491435286012
"pos_a",0.967041015625,0.392333984375,0.12939453125,1491435286013
"pos_a",0.863525390625,0.37109375,0.113525390625,1491435286044
"pos_a",0.863525390625,0.37109375,0.113525390625,1491435286044
"pos_a",0.819091796875,0.367431640625,0.103515625,1491435286050
"pos_a",0.819091796875,0.367431640625,0.103515625,1491435286050
"pos_a",0.863525390625,0.37109375,0.113525390625,1491435286054
"pos_a",0.863525390625,0.37109375,0.113525390625,1491435286054
"pos_a",0.819091796875,0.367431640625,0.103515625,1491435286058
"pos_a",0.819091796875,0.367431640625,0.103515625,1491435286058
"pos_a",0.7822265625,0.36279296875,0.093994140625,1491435286072
"pos_a",0.7822265625,0.36279296875,0.093994140625,1491435286072
"pos_a",0.7822265625,0.36279296875,0.093994140625,1491435286079
"pos_a",0.7822265625,0.36279296875,0.093994140625,1491435286079
"pos_a",0.80908203125,0.384521484375,0.09228515625,1491435286087
"pos_a",0.80908203125,0.384521484375,0.09228515625,1491435286088
"pos_a",0.82421875,0.388427734375,0.092041015625,1491435286092
"pos_a",0.82421875,0.388427734375,0.092041015625,1491435286092
"pos_a",0.80908203125,0.384521484375,0.09228515625,1491435286097
"pos_a",0.80908203125,0.384521484375,0.09228515625,1491435286098
"pos_a",0.82421875,0.388427734375,0.092041015625,1491435286102
"pos_a",0.82421875,0.388427734375,0.092041015625,1491435286102
"pos_a",0.840576171875,0.367431640625,0.09765625,1491435286121
"pos_a",0.840576171875,0.367431640625,0.09765625,1491435286121
"pos_a",0.840576171875,0.367431640625,0.09765625,1491435286128
"pos_a",0.840576171875,0.367431640625,0.09765625,1491435286128
"pos_a",0.883544921875,0.36279296875,0.105712890625,1491435286143
"pos_a",0.883544921875,0.36279296875,0.105712890625,1491435286144
"pos_a",0.899169921875,0.3701171875,0.1240234375,1491435286151
"pos_a",1.047119140625,0.33837890625,0.15087890625,1491435286209
"pos_a",1.047119140625,0.33837890625,0.15087890625,1491435286209
"pos_a",1.047119140625,0.33837890625,0.15087890625,1491435286213
"pos_a",1.047119140625,0.33837890625,0.15087890625,1491435286213
"pos_a",1.064208984375,0.283935546875,0.146240234375,1491435286221
"pos_a",1.064208984375,0.283935546875,0.146240234375,1491435286221
"pos_a",1.064208984375,0.283935546875,0.146240234375,1491435286225
"pos_a",1.064208984375,0.283935546875,0.146240234375,1491435286225
"pos_a",1.056640625,0.25244140625,0.141845703125,1491435286238
"pos_a",1.056640625,0.25244140625,0.141845703125,1491435286238
"pos_a",1.056640625,0.25244140625,0.141845703125,1491435286242
"pos_a",1.056640625,0.25244140625,0.141845703125,1491435286242
"pos_a",1.03857421875,0.19287109375,0.114013671875,1491435286253
"pos_a",1.03857421875,0.19287109375,0.114013671875,1491435286253
"pos_a",1.03857421875,0.19287109375,0.114013671875,1491435286259
"pos_a",1.03857421875,0.19287109375,0.114013671875,1491435286259
"pos_a",1.02490234375,0.1865234375,0.08837890625,1491435286288
"pos_a",1.02490234375,0.1865234375,0.08837890625,1491435286288
"pos_a",1.013671875,0.182861328125,0.077392578125,1491435286291
"pos_a",1.013671875,0.182861328125,0.077392578125,1491435286291
"pos_a",1.02490234375,0.1865234375,0.08837890625,1491435286295
"pos_a",1.02490234375,0.1865234375,0.08837890625,1491435286295
"pos_a",1.013671875,0.182861328125,0.077392578125,1491435286299
"pos_a",1.013671875,0.182861328125,0.077392578125,1491435286299
"pos_a",0.996826171875,0.18505859375,0.0732421875,1491435286304
"pos_a",0.996826171875,0.18505859375,0.0732421875,1491435286304
"pos_a",0.996826171875,0.18505859375,0.0732421875,1491435286308
"pos_a",0.996826171875,0.18505859375,0.0732421875,1491435286308
"pos_a",1.024169921875,0.186279296875,0.074951171875,1491435286322
"pos_a",1.024169921875,0.186279296875,0.074951171875,1491435286322
"pos_a",1.024169921875,0.186279296875,0.074951171875,1491435286328
"pos_a",1.024169921875,0.186279296875,0.074951171875,1491435286328
"pos_a",1.0576171875,0.185791015625,0.0859375,1491435286345
"pos_a",1.0576171875,0.185791015625,0.0859375,1491435286345
"pos_a",0.800048828125,0.249267578125,0.068115234375,1491435286485
"pos_a",0.800048828125,0.249267578125,0.068115234375,1491435286485
"pos_a",0.800048828125,0.249267578125,0.068115234375,1491435286487
"pos_a",0.800048828125,0.249267578125,0.068115234375,1491435286487
"pos_a",0.811767578125,0.26806640625,0.071533203125,1491435286498
"pos_a",0.811767578125,0.26806640625,0.071533203125,1491435286498
"pos_a",0.811767578125,0.26806640625,0.071533203125,1491435286500
"pos_a",0.811767578125,0.26806640625,0.071533203125,1491435286500
"pos_a",0.826171875,0.287353515625,0.057861328125,1491435286520
"pos_a",0.826171875,0.287353515625,0.057861328125,1491435286520
"pos_a",0.826171875,0.287353515625,0.057861328125,1491435286528
"pos_a",0.826171875,0.287353515625,0.057861328125,1491435286528
"pos_a",0.83935546875,0.289306640625,0.04541015625,1491435286538
"pos_a",0.83935546875,0.289306640625,0.04541015625,1491435286538
"pos_a",0.83935546875,0.289306640625,0.04541015625,1491435286543
"pos_a",0.83935546875,0.289306640625,0.04541015625,1491435286544
"pos_a",0.881591796875,0.331298828125,0.032958984375,1491435286555
"pos_a",0.881591796875,0.331298828125,0.032958984375,1491435286555
"pos_a",0.881591796875,0.331298828125,0.032958984375,1491435286561
"pos_a",0.881591796875,0.331298828125,0.032958984375,1491435286561
"pos_a",0.931640625,0.384765625,0.029541015625,1491435286571
"pos_a",0.931640625,0.384765625,0.029541015625,1491435286571
"pos_a",0.931640625,0.384765625,0.029541015625,1491435286578
"pos_a",0.931640625,0.384765625,0.029541015625,1491435286578
"pos_a",0.945068359375,0.38720703125,0.037109375,1491435286590
"pos_a",0.945068359375,0.38720703125,0.037109375,1491435286590
"pos_a",0.945068359375,0.38720703125,0.037109375,1491435286596
"pos_a",0.945068359375,0.38720703125,0.037109375,1491435286596
"pos_a",0.953857421875,0.33056640625,0.052001953125,1491435286605
"pos_a",0.953857421875,0.33056640625,0.052001953125,1491435286605
"pos_a",0.953857421875,0.33056640625,0.052001953125,1491435286610
"pos_a",0.953857421875,0.33056640625,0.052001953125,1491435286610
"pos_a",0.94580078125,0.275634765625,0.0498046875,1491435286627
"pos_a",0.94580078125,0.275634765625,0.0498046875,1491435286627
"pos_a",0.9658203125,0.31884765625,0.10888671875,1491435286835
"pos_a",0.951171875,0.316162109375,0.1083984375,1491435286840
"pos_a",0.951171875,0.316162109375,0.1083984375,1491435286840
"pos_a",0.93896484375,0.313720703125,0.12109375,1491435286850
"pos_a",0.93896484375,0.313720703125,0.12109375,1491435286850
"pos_a",0.93896484375,0.313720703125,0.12109375,1491435286856
"pos_a",0.93896484375,0.313720703125,0.12109375,1491435286856
"pos_a",0.932373046875,0.319091796875,0.13330078125,1491435286868
"pos_a",0.932373046875,0.319091796875,0.13330078125,1491435286868
"pos_a",0.932373046875,0.319091796875,0.13330078125,1491435286873
"pos_a",0.932373046875,0.319091796875,0.13330078125,1491435286873
"pos_a",0.92822265625,0.3095703125,0.1435546875,1491435286888
"pos_a",0.92822265625,0.3095703125,0.1435546875,1491435286888
"pos_a",0.92822265625,0.3095703125,0.1435546875,1491435286895
"pos_a",0.92822265625,0.3095703125,0.1435546875,1491435286895
"pos_a",0.92822265625,0.297119140625,0.162841796875,1491435286901
"pos_a",0.92822265625,0.297119140625,0.162841796875,1491435286901
"pos_a",0.92822265625,0.297119140625,0.162841796875,1491435286906
"pos_a",0.92822265625,0.297119140625,0.162841796875,1491435286906
"pos_a",0.925048828125,0.29638671875,0.170166015625,1491435286923
"pos_a",0.925048828125,0.29638671875,0.170166015625,1491435286923
"pos_a",0.926025390625,0.300537109375,0.169189453125,1491435286931
"pos_a",0.926025390625,0.300537109375,0.169189453125,1491435286932
"pos_a",0.925048828125,0.29638671875,0.170166015625,1491435286936
"pos_a",0.925048828125,0.29638671875,0.170166015625,1491435286936
"pos_a",0.926025390625,0.300537109375,0.169189453125,1491435286939
"pos_a",0.926025390625,0.300537109375,0.169189453125,1491435286939
"pos_a",0.93310546875,0.326904296875,0.168212890625,1491435286955
"pos_a",0.93310546875,0.326904296875,0.168212890625,1491435286956
"pos_a",0.93310546875,0.326904296875,0.168212890625,1491435286960
"pos_a",0.93310546875,0.326904296875,0.168212890625,1491435286960
"pos_a",0.941162109375,0.35107421875,0.155029296875,1491435286973
"pos_a",0.941162109375,0.35107421875,0.155029296875,1491435286973
"pos_a",0.943359375,0.35888671875,0.144287109375,1491435286977
"pos_a",0.93359375,0.3330078125,0.093505859375,1491435287047
"pos_a",0.93359375,0.3330078125,0.093505859375,1491435287047
"pos_a",0.93359375,0.3330078125,0.093505859375,1491435287052
"pos_a",0.93359375,0.3330078125,0.093505859375,1491435287052
"pos_a",0.927734375,0.3271484375,0.08740234375,1491435287069
"pos_a",0.927734375,0.3271484375,0.08740234375,1491435287069
"pos_a",0.92822265625,0.322021484375,0.086669921875,1491435287074
"pos_a",0.92822265625,0.322021484375,0.086669921875,1491435287074
"pos_a",0.927734375,0.3271484375,0.08740234375,1491435287080
"pos_a",0.927734375,0.3271484375,0.08740234375,1491435287080
"pos_a",0.92822265625,0.322021484375,0.086669921875,1491435287085
"pos_a",0.92822265625,0.322021484375,0.086669921875,1491435287085
"pos_a",0.930419921875,0.31103515625,0.079833984375,1491435287100
"pos_a",0.930419921875,0.31103515625,0.079833984375,1491435287100
"pos_a",0.930419921875,0.31103515625,0.079833984375,1491435287106
"pos_a",0.930419921875,0.31103515625,0.079833984375,1491435287106
"pos_a",0.932373046875,0.296142578125,0.068115234375,1491435287121
"pos_a",0.95849609375,0.28369140625,0.050048828125,1491435287238
"pos_a",0.952880859375,0.28125,0.05078125,1491435287266
"pos_a",0.952880859375,0.28125,0.05078125,1491435287266
"pos_a",0.95068359375,0.282958984375,0.050537109375,1491435287268
"pos_a",0.95068359375,0.282958984375,0.050537109375,1491435287268
"pos_a",0.952880859375,0.28125,0.05078125,1491435287271
"pos_a",0.952880859375,0.28125,0.05078125,1491435287271
"pos_a",0.95068359375,0.282958984375,0.050537109375,1491435287275
"pos_a",0.95068359375,0.282958984375,0.050537109375,1491435287275
"pos_a",0.94921875,0.283935546875,0.052978515625,1491435287282
"pos_a",0.94921875,0.283935546875,0.052978515625,1491435287282
"pos_a",0.94921875,0.283935546875,0.052978515625,1491435287286
"pos_a",0.94921875,0.283935546875,0.052978515625,1491435287286
"pos_a",0.94384765625,0.2861328125,0.055908203125,1491435287315
"pos_a",0.94384765625,0.2861328125,0.055908203125,1491435287315
"pos_a",0.94482421875,0.287109375,0.0556640625,1491435287318
"pos_a",0.94482421875,0.287109375,0.0556640625,1491435287318
"pos_a",0.94384765625,0.2861328125,0.055908203125,1491435287321
"pos_a",0.94384765625,0.2861328125,0.055908203125,1491435287321
"pos_a",0.94482421875,0.287109375,0.0556640625,1491435287324
"pos_a",0.94482421875,0.287109375,0.0556640625,1491435287324
"pos_a",0.9443359375,0.287841796875,0.057373046875,1491435287331
"pos_a",0.9443359375,0.287841796875,0.057373046875,1491435287331
"pos_a",0.9443359375,0.287841796875,0.057373046875,1491435287334
"pos_a",0.9443359375,0.287841796875,0.057373046875,1491435287334
"pos_a",0.947998046875,0.286865234375,0.0595703125,1491435287348
"pos_a",0.947998046875,0.286865234375,0.0595703125,1491435287349
"pos_a",0.947998046875,0.286865234375,0.0595703125,1491435287351
"pos_a",0.947998046875,0.286865234375,0.0595703125,1491435287351
"pos_a",0.9482421875,0.2861328125,0.061279296875,1491435287368
"pos_a",0.9482421875,0.2861328125,0.061279296875,1491435287368
"pos_a",0.9482421875,0.2861328125,0.061279296875,1491435287372
"pos_a",0.9482421875,0.2861328125,0.061279296875,1491435287372
"pos_a",0.938232421875,0.284423828125,0.0634765625,1491435287382
"pos_a",0.938232421875,0.284423828125,0.0634765625,1491435287382
"pos_a",0.938232421875,0.284423828125,0.0634765625,1491435287387
"pos_a",0.938232421875,0.284423828125,0.0634765625,1491435287387
"pos_a",0.9345703125,0.27685546875,0.06494140625,1491435287400
"pos_a",0.9345703125,0.27685546875,0.06494140625,1491435287401
"pos_a",0.9345703125,0.27685546875,0.06494140625,1491435287404
"pos_a",0.9345703125,0.27685546875,0.06494140625,1491435287405
"pos_a",0.934814453125,0.276611328125,0.065673828125,1491435287420
"pos_a",0.934814453125,0.276611328125,0.065673828125,1491435287420
"pos_a",0.934814453125,0.276611328125,0.065673828125,1491435287472
"pos_a",0.934814453125,0.276611328125,0.065673828125,1491435287472
"pos_a",0.936279296875,0.277099609375,0.068603515625,1491435287474
"pos_a",0.936279296875,0.277099609375,0.068603515625,1491435287474
"pos_a",0.936279296875,0.277099609375,0.068603515625,1491435287476
"pos_a",0.936279296875,0.277099609375,0.068603515625,1491435287476
"pos_a",0.9375,0.275634765625,0.06982421875,1491435287478
"pos_a",0.9375,0.275634765625,0.06982421875,1491435287478
"pos_a",0.962646484375,0.25927734375,0.080322265625,1491435287598
"pos_a",0.962646484375,0.25927734375,0.080322265625,1491435287599
"pos_a",0.962646484375,0.25927734375,0.080322265625,1491435287603
"pos_a",0.962646484375,0.25927734375,0.080322265625,1491435287603
"pos_a",0.95947265625,0.259033203125,0.081787109375,1491435287627
"pos_a",0.95947265625,0.259033203125,0.081787109375,1491435287627
"pos_a",0.95947265625,0.259033203125,0.081787109375,1491435287633
"pos_a",0.95947265625,0.259033203125,0.081787109375,1491435287633
"pos_a",0.9501953125,0.262451171875,0.08544921875,1491435287640
"pos_a",0.9501953125,0.262451171875,0.08544921875,1491435287640
"pos_a",0.9501953125,0.262451171875,0.08544921875,1491435287646
"pos_a",0.9501953125,0.262451171875,0.08544921875,1491435287646
"pos_a",0.9453125,0.265380859375,0.085205078125,1491435287652
"pos_a",0.9453125,0.265380859375,0.085205078125,1491435287652
"pos_a",0.9453125,0.265380859375,0.085205078125,1491435287657
"pos_a",0.9453125,0.265380859375,0.085205078125,1491435287658
"pos_a",0.94189453125,0.267333984375,0.08544921875,1491435287665
"pos_a",0.94189453125,0.267333984375,0.08544921875,1491435287665
"pos_a",0.94189453125,0.267333984375,0.08544921875,1491435287666
"pos_a",0.94189453125,0.267333984375,0.08544921875,1491435287666
"pos_a",0.929443359375,0.270263671875,0.084716796875,1491435287677
"pos_a",0.929443359375,0.270263671875,0.084716796875,1491435287677
"pos_a",0.929443359375,0.270263671875,0.084716796875,1491435287677
"pos_a",0.929443359375,0.270263671875,0.084716796875,1491435287677
"pos_a",0.920654296875,0.27392578125,0.084716796875,1491435287694
"pos_a",0.920654296875,0.27392578125,0.084716796875,1491435287694
"pos_a",0.920654296875,0.27392578125,0.084716796875,1491435287696
"pos_a",0.920654296875,0.27392578125,0.084716796875,1491435287696
"pos_a",0.9189453125,0.2763671875,0.087646484375,1491435287727
"pos_a",0.9189453125,0.2763671875,0.087646484375,1491435287727
"pos_a",0.9189453125,0.2763671875,0.087646484375,1491435287731
"pos_a",0.9189453125,0.2763671875,0.087646484375,1491435287731
"pos_a",0.919677734375,0.2783203125,0.09326171875,1491435287735
"pos_a",0.919677734375,0.2783203125,0.09326171875,1491435287735
"pos_a",0.919677734375,0.2783203125,0.09326171875,1491435287739
"pos_a",0.919677734375,0.2783203125,0.09326171875,1491435287739
"pos_a",0.92724609375,0.28076171875,0.09716796875,1491435287747
"pos_a",0.92724609375,0.28076171875,0.09716796875,1491435287747
"pos_a",0.92724609375,0.28076171875,0.09716796875,1491435287751
"pos_a",0.92724609375,0.28076171875,0.09716796875,1491435287751
"pos_a",0.936767578125,0.282958984375,0.09765625,1491435287766
"pos_a",0.936767578125,0.282958984375,0.09765625,1491435287766
"pos_a",0.936767578125,0.282958984375,0.09765625,1491435287770
"pos_a",0.936767578125,0.282958984375,0.09765625,1491435287770
"pos_a",0.95068359375,0.287841796875,0.102294921875,1491435287783
"pos_a",0.95068359375,0.287841796875,0.102294921875,1491435287783
"pos_a",0.95068359375,0.287841796875,0.102294921875,1491435287787
"pos_a",0.95068359375,0.287841796875,0.102294921875,1491435287787
"pos_a",0.951171875,0.29345703125,0.105224609375,1491435287801
"pos_a",0.951171875,0.29345703125,0.105224609375,1491435287801
"pos_a",0.9482421875,0.29052734375,0.102294921875,1491435287806
"pos_a",0.931884765625,0.269287109375,0.084716796875,1491435287884
"pos_a",0.931884765625,0.269287109375,0.084716796875,1491435287884
"pos_a",0.931884765625,0.269287109375,0.084716796875,1491435287890
"pos_a",0.931884765625,0.269287109375,0.084716796875,1491435287890
"pos_a",0.936767578125,0.285400390625,0.08642578125,1491435287898
"pos_a",0.936767578125,0.285400390625,0.08642578125,1491435287898
"pos_a",0.936767578125,0.285400390625,0.08642578125,1491435287903
"pos_a",0.936767578125,0.285400390625,0.08642578125,1491435287903
"pos_a",0.9423828125,0.285400390625,0.083740234375,1491435287920
"pos_a",0.9423828125,0.285400390625,0.083740234375,1491435287920
"pos_a",0.9423828125,0.285400390625,0.083740234375,1491435287926
"pos_a",0.9423828125,0.285400390625,0.083740234375,1491435287926
"pos_a",0.94287109375,0.28173828125,0.073486328125,1491435287932
"pos_a",0.94287109375,0.28173828125,0.073486328125,1491435287932
"pos_a",0.94287109375,0.28173828125,0.073486328125,1491435287938
"pos_a",0.94287109375,0.28173828125,0.073486328125,1491435287938
"pos_a",0.93896484375,0.28173828125,0.070556640625,1491435287949
"pos_a",0.94091796875,0.289794921875,0.063232421875,1491435288088
"pos_a",0.9609375,0.293212890625,0.065673828125,1491435288099
"pos_a",0.9609375,0.293212890625,0.065673828125,1491435288099
"pos_a",0.963623046875,0.294189453125,0.0703125,1491435288104
"pos_a",0.963623046875,0.294189453125,0.0703125,1491435288104
"pos_a",0.9609375,0.293212890625,0.065673828125,1491435288110
"pos_a",0.9609375,0.293212890625,0.065673828125,1491435288110
"pos_a",0.963623046875,0.294189453125,0.0703125,1491435288115
"pos_a",0.963623046875,0.294189453125,0.0703125,1491435288115
"pos_a",0.958984375,0.296875,0.074462890625,1491435288121
"pos_a",0.958984375,0.296875,0.074462890625,1491435288121
"pos_a",0.958984375,0.296875,0.074462890625,1491435288125
"pos_a",0.958984375,0.296875,0.074462890625,1491435288125
"pos_a",0.9365234375,0.295654296875,0.073974609375,1491435288148
"pos_a",0.9365234375,0.295654296875,0.073974609375,1491435288148
"pos_a",0.928955078125,0.292724609375,0.0732421875,1491435288149
"pos_a",0.928955078125,0.292724609375,0.0732421875,1491435288149
"pos_a",0.9365234375,0.295654296875,0.073974609375,1491435288149
"pos_a",0.9365234375,0.295654296875,0.073974609375,1491435288149
"pos_a",0.928955078125,0.292724609375,0.0732421875,1491435288149
"pos_a",0.928955078125,0.292724609375,0.0732421875,1491435288149
"pos_a",0.92138671875,0.290283203125,0.07421875,1491435288162
"pos_a",0.92138671875,0.290283203125,0.07421875,1491435288162
"pos_a",0.92138671875,0.290283203125,0.07421875,1491435288164
"pos_a",0.92138671875,0.290283203125,0.07421875,1491435288164
"pos_a",0.931884765625,0.280029296875,0.07421875,1491435288200
"pos_a",0.931884765625,0.280029296875,0.07421875,1491435288200
"pos_a",0.938232421875,0.275634765625,0.0732421875,1491435288205
"pos_a",0.938232421875,0.275634765625,0.0732421875,1491435288205
"pos_a",0.931884765625,0.280029296875,0.07421875,1491435288210
"pos_a",0.931884765625,0.280029296875,0.07421875,1491435288210
"pos_a",0.938232421875,0.275634765625,0.0732421875,1491435288214
"pos_a",0.938232421875,0.275634765625,0.0732421875,1491435288214
"pos_a",0.945556640625,0.277587890625,0.075927734375,1491435288218
"pos_a",0.945556640625,0.277587890625,0.075927734375,1491435288218
"pos_a",0.945556640625,0.277587890625,0.075927734375,1491435288222
"pos_a",0.945556640625,0.277587890625,0.075927734375,1491435288222
"pos_a",0.94970703125,0.2802734375,0.075927734375,1491435288231
"pos_a",0.94970703125,0.2802734375,0.075927734375,1491435288231
"pos_a",0.94970703125,0.2802734375,0.075927734375,1491435288235
"pos_a",0.94970703125,0.2802734375,0.075927734375,1491435288235
"pos_a",0.95068359375,0.281005859375,0.07275390625,1491435288243
"pos_a",0.95068359375,0.281005859375,0.07275390625,1491435288243
"pos_a",0.95068359375,0.281005859375,0.07275390625,1491435288248
"pos_a",0.95068359375,0.281005859375,0.07275390625,1491435288248
"pos_a",0.959716796875,0.284423828125,0.0712890625,1491435288263
"pos_a",0.959716796875,0.284423828125,0.0712890625,1491435288263
"pos_a",0.959716796875,0.284423828125,0.0712890625,1491435288268
"pos_a",0.959716796875,0.284423828125,0.0712890625,1491435288268
"pos_a",0.953125,0.285400390625,0.07763671875,1491435288300
"pos_a",0.953125,0.285400390625,0.07763671875,1491435288300
"pos_a",0.9560546875,0.290283203125,0.09814453125,1491435288430
"pos_a",0.9560546875,0.290283203125,0.09814453125,1491435288430
"pos_a",0.9560546875,0.290283203125,0.09814453125,1491435288434
"pos_a",0.9560546875,0.290283203125,0.09814453125,1491435288434
"pos_a",0.9599609375,0.296142578125,0.106689453125,1491435288441
"pos_a",0.9599609375,0.296142578125,0.106689453125,1491435288441
"pos_a",0.9599609375,0.296142578125,0.106689453125,1491435288445
"pos_a",0.9599609375,0.296142578125,0.106689453125,1491435288445
"pos_a",0.980712890625,0.3125,0.122802734375,1491435288460
"pos_a",0.980712890625,0.3125,0.122802734375,1491435288460
"pos_a",0.980712890625,0.3125,0.122802734375,1491435288465
"pos_a",0.980712890625,0.3125,0.122802734375,1491435288465
"pos_a",0.989501953125,0.310791015625,0.1123046875,1491435288516
"pos_a",0.989501953125,0.310791015625,0.1123046875,1491435288516
"pos_a",0.989501953125,0.310791015625,0.1123046875,1491435288520
"pos_a",0.989501953125,0.310791015625,0.1123046875,1491435288520
"pos_a",0.989501953125,0.308837890625,0.108154296875,1491435288526
"pos_a",0.989501953125,0.308837890625,0.108154296875,1491435288526
"pos_a",0.989501953125,0.308837890625,0.108154296875,1491435288530
"pos_a",0.989501953125,0.308837890625,0.108154296875,1491435288530
"pos_a",0.96826171875,0.286865234375,0.107421875,1491435288534
"pos_a",0.96826171875,0.286865234375,0.107421875,1491435288534
"pos_a",0.96826171875,0.286865234375,0.107421875,1491435288538
"pos_a",0.96826171875,0.286865234375,0.107421875,1491435288538
"pos_a",0.932861328125,0.26513671875,0.11376953125,1491435288542
"pos_a",0.932861328125,0.26513671875,0.11376953125,1491435288542
"pos_a",0.932861328125,0.26513671875,0.11376953125,1491435288545
"pos_a",0.932861328125,0.26513671875,0.11376953125,1491435288545
"pos_a",0.91845703125,0.258056640625,0.10986328125,1491435288546
"pos_a",0.91845703125,0.258056640625,0.10986328125,1491435288547
"pos_a",0.91845703125,0.258056640625,0.10986328125,1491435288548
"pos_a",0.91845703125,0.258056640625,0.10986328125,1491435288548
"pos_a",0.90625,0.265625,0.103271484375,1491435288560
"pos_a",0.90625,0.265625,0.103271484375,1491435288560
"pos_a",0.936767578125,0.280517578125,0.0595703125,1491435288718
"pos_a",0.936767578125,0.280517578125,0.0595703125,1491435288718
"pos_a",0.936767578125,0.280517578125,0.0595703125,1491435288726
"pos_a",0.936767578125,0.280517578125,0.0595703125,1491435288726
"pos_a",0.93115234375,0.275390625,0.052490234375,1491435288732
"pos_a",0.93115234375,0.275390625,0.052490234375,1491435288732
"pos_a",0.93115234375,0.275390625,0.052490234375,1491435288737
"pos_a",0.93115234375,0.275390625,0.052490234375,1491435288737
"pos_a",0.932373046875,0.27978515625,0.05126953125,1491435288746
"pos_a",0.932373046875,0.27978515625,0.05126953125,1491435288746
"pos_a",0.932373046875,0.27978515625,0.05126953125,1491435288752
"pos_a",0.932373046875,0.27978515625,0.05126953125,1491435288752
"pos_a",0.931396484375,0.281494140625,0.050048828125,1491435288762
"pos_a",0.931396484375,0.281494140625,0.050048828125,1491435288762
"pos_a",0.931396484375,0.281494140625,0.050048828125,1491435288771
"pos_a",0.931396484375,0.281494140625,0.050048828125,1491435288771
"pos_a",0.93798828125,0.283203125,0.046875,1491435288787
"pos_a",0.942138671875,0.267578125,0.057861328125,1491435288927
"pos_a",0.935302734375,0.27197265625,0.0654296875,1491435288933
"pos_a",0.935302734375,0.27197265625,0.0654296875,1491435288933
"pos_a",0.932373046875,0.2734375,0.0654296875,1491435288938
"pos_a",0.932373046875,0.2734375,0.0654296875,1491435288938
"pos_a",0.935302734375,0.27197265625,0.0654296875,1491435288943
"pos_a",0.935302734375,0.27197265625,0.0654296875,1491435288944
"pos_a",0.932373046875,0.2734375,0.0654296875,1491435288947
"pos_a",0.932373046875,0.2734375,0.0654296875,1491435288948
"pos_a",0.93896484375,0.27587890625,0.065673828125,1491435288962
"pos_a",0.93896484375,0.27587890625,0.065673828125,1491435288962
"pos_a",0.93896484375,0.27587890625,0.065673828125,1491435288963
"pos_a",0.93896484375,0.27587890625,0.065673828125,1491435288963
"pos_a",0.942138671875,0.279296875,0.07177734375,1491435288980
"pos_a",0.942138671875,0.279296875,0.07177734375,1491435288980
"pos_a",0.9462890625,0.281005859375,0.0751953125,1491435288980
"pos_a",0.9462890625,0.281005859375,0.0751953125,1491435288980
"pos_a",0.942138671875,0.279296875,0.07177734375,1491435288980
"pos_a",0.942138671875,0.279296875,0.07177734375,1491435288980
"pos_a",0.9462890625,0.281005859375,0.0751953125,1491435288980
"pos_a",0.9462890625,0.281005859375,0.0751953125,1491435288980
"pos_a",0.94482421875,0.283935546875,0.079345703125,1491435288992
"pos_a",0.94482421875,0.283935546875,0.079345703125,1491435288992
"pos_a",0.94482421875,0.283935546875,0.079345703125,1491435288995
"pos_a",0.94482421875,0.283935546875,0.079345703125,1491435288995
"pos_a",0.93994140625,0.289794921875,0.084716796875,1491435289027
"pos_a",0.93994140625,0.289794921875,0.084716796875,1491435289028
"pos_a",0.93603515625,0.29248046875,0.087646484375,1491435289030
"pos_a",0.93603515625,0.29248046875,0.087646484375,1491435289030
"pos_a",0.93994140625,0.289794921875,0.084716796875,1491435289033
"pos_a",0.93994140625,0.289794921875,0.084716796875,1491435289033
"pos_a",0.93603515625,0.29248046875,0.087646484375,1491435289036
"pos_a",0.93603515625,0.29248046875,0.087646484375,1491435289036
"pos_a",0.935302734375,0.29248046875,0.09033203125,1491435289059
"pos_a",0.935302734375,0.29248046875,0.09033203125,1491435289059
"pos_a",0.935302734375,0.29248046875,0.09033203125,1491435289065
"pos_a",0.935302734375,0.29248046875,0.09033203125,1491435289065
"pos_a",0.93701171875,0.286865234375,0.09521484375,1491435289079
"pos_a",0.93701171875,0.286865234375,0.09521484375,1491435289079
"pos_a",0.935546875,0.2861328125,0.097412109375,1491435289085
"pos_a",0.935546875,0.2861328125,0.097412109375,1491435289085
"pos_a",0.93701171875,0.286865234375,0.09521484375,1491435289090
"pos_a",0.93701171875,0.286865234375,0.09521484375,1491435289090
"pos_a",0.935546875,0.2861328125,0.097412109375,1491435289095
"pos_a",0.935546875,0.2861328125,0.097412109375,1491435289096
"pos_a",0.93701171875,0.28076171875,0.100830078125,1491435289109
"pos_a",0.93701171875,0.28076171875,0.100830078125,1491435289109
"pos_a",0.93701171875,0.28076171875,0.100830078125,1491435289114
"pos_a",0.93701171875,0.28076171875,0.100830078125,1491435289114
"pos_a",0.933349609375,0.279541015625,0.101806640625,1491435289127
"pos_a",0.933349609375,0.279541015625,0.101806640625,1491435289128
"pos_a",0.938720703125,0.291015625,0.084228515625,1491435289330
"pos_a",0.939453125,0.29052734375,0.085205078125,1491435289333
"pos_a",0.939453125,0.29052734375,0.085205078125,1491435289333
"pos_a",0.93896484375,0.290283203125,0.08056640625,1491435289341
"pos_a",0.93896484375,0.290283203125,0.08056640625,1491435289341
"pos_a",0.93896484375,0.290283203125,0.08056640625,1491435289346
"pos_a",0.93896484375,0.290283203125,0.08056640625,1491435289346
"pos_a",0.9404296875,0.292236328125,0.076416015625,1491435289357
"pos_a",0.9404296875,0.292236328125,0.076416015625,1491435289357
"pos_a",0.9404296875,0.292236328125,0.076416015625,1491435289361
"pos_a",0.9404296875,0.292236328125,0.076416015625,1491435289361
"pos_a",0.9404296875,0.29150390625,0.07470703125,1491435289375
"pos_a",0.9404296875,0.29150390625,0.07470703125,1491435289375
"pos_a",0.9404296875,0.29150390625,0.07470703125,1491435289379
"pos_a",0.9404296875,0.29150390625,0.07470703125,1491435289380
"pos_a",0.93994140625,0.28955078125,0.070556640625,1491435289392
"pos_a",0.93994140625,0.28955078125,0.070556640625,1491435289392
"pos_a",0.921875,0.23974609375,0.040771484375,1491435289562
"pos_a",0.921875,0.23974609375,0.040771484375,1491435289562
"pos_a",0.921875,0.23974609375,0.040771484375,1491435289563
"pos_a",0.921875,0.23974609375,0.040771484375,1491435289563
"pos_a",0.92724609375,0.249267578125,0.0302734375,1491435289565
"pos_a",0.92724609375,0.249267578125,0.0302734375,1491435289565
"pos_a",0.92724609375,0.249267578125,0.0302734375,1491435289567
"pos_a",0.92724609375,0.249267578125,0.0302734375,1491435289567
"pos_a",0.921875,0.295166015625,0.052001953125,1491435289574
"pos_a",0.921875,0.295166015625,0.052001953125,1491435289574
"pos_a",0.921875,0.295166015625,0.052001953125,1491435289575
"pos_a",0.921875,0.295166015625,0.052001953125,1491435289575
"pos_a",0.938720703125,0.301025390625,0.06689453125,1491435289590
"pos_a",0.938720703125,0.301025390625,0.06689453125,1491435289590
"pos_a",0.938720703125,0.301025390625,0.06689453125,1491435289590
"pos_a",0.938720703125,0.301025390625,0.06689453125,1491435289590
"pos_a",0.9501953125,0.311767578125,0.095458984375,1491435289608
"pos_a",0.9501953125,0.311767578125,0.095458984375,1491435289608
"pos_a",0.9501953125,0.311767578125,0.095458984375,1491435289610
"pos_a",0.9501953125,0.311767578125,0.095458984375,1491435289611
"pos_a",0.945556640625,0.3271484375,0.111328125,1491435289623
"pos_a",0.945556640625,0.3271484375,0.111328125,1491435289623
"pos_a",0.945556640625,0.3271484375,0.111328125,1491435289627
"pos_a",0.945556640625,0.3271484375,0.111328125,1491435289627
"pos_a",0.9462890625,0.323486328125,0.118896484375,1491435289636
"pos_a",0.9462890625,0.323486328125,0.118896484375,1491435289636
"pos_a",0.9462890625,0.323486328125,0.118896484375,1491435289639
"pos_a",0.9462890625,0.323486328125,0.118896484375,1491435289639
"pos_a",0.934814453125,0.3203125,0.11767578125,1491435289657
"pos_a",0.934814453125,0.3203125,0.11767578125,1491435289657
"pos_a",0.934814453125,0.3203125,0.11767578125,1491435289660
"pos_a",0.934814453125,0.3203125,0.11767578125,1491435289660
"pos_a",0.927734375,0.32958984375,0.11669921875,1491435289674
"pos_a",0.927734375,0.32958984375,0.11669921875,1491435289674
"pos_a",0.926513671875,0.310546875,0.0859375,1491435289768
"pos_a",0.93701171875,0.30224609375,0.0830078125,1491435289776
"pos_a",0.93701171875,0.30224609375,0.0830078125,1491435289776
"pos_a",0.93701171875,0.30224609375,0.0830078125,1491435289782
"pos_a",0.93701171875,0.30224609375,0.0830078125,1491435289782
"pos_a",0.938232421875,0.29345703125,0.07958984375,1491435289786
"pos_a",0.938232421875,0.29345703125,0.07958984375,1491435289786
"pos_a",0.938232421875,0.29345703125,0.07958984375,1491435289791
"pos_a",0.938232421875,0.29345703125,0.07958984375,1491435289791
"pos_a",0.93994140625,0.284912109375,0.070556640625,1491435289795
"pos_a",0.93994140625,0.284912109375,0.070556640625,1491435289795
"pos_a",0.93994140625,0.284912109375,0.070556640625,1491435289799
"pos_a",0.93994140625,0.284912109375,0.070556640625,1491435289799
"pos_a",0.941650390625,0.284912109375,0.071533203125,1491435289806
"pos_a",0.941650390625,0.284912109375,0.071533203125,1491435289807
"pos_a",0.945068359375,0.284423828125,0.072265625,1491435289808
"pos_a",0.945068359375,0.284423828125,0.072265625,1491435289808
"pos_a",0.941650390625,0.284912109375,0.071533203125,1491435289810
"pos_a",0.941650390625,0.284912109375,0.071533203125,1491435289810
"pos_a",0.945068359375,0.284423828125,0.072265625,1491435289811
"pos_a",0.945068359375,0.284423828125,0.072265625,1491435289811
"pos_a",0.951171875,0.286376953125,0.081787109375,1491435289834
"pos_a",0.951171875,0.286376953125,0.081787109375,1491435289834
"pos_a",0.951171875,0.286376953125,0.081787109375,1491435289835
"pos_a",0.951171875,0.286376953125,0.081787109375,1491435289835
"pos_a",0.955322265625,0.289794921875,0.087890625,1491435289852
"pos_a",0.955322265625,0.289794921875,0.087890625,1491435289852
"pos_a",0.955322265625,0.289794921875,0.087890625,1491435289857
"pos_a",0.955322265625,0.289794921875,0.087890625,1491435289857
"pos_a",0.955810546875,0.291748046875,0.088134765625,1491435289872
"pos_a",0.955810546875,0.291748046875,0.088134765625,1491435289872
"pos_a",0.955810546875,0.291748046875,0.088134765625,1491435289876
"pos_a",0.955810546875,0.291748046875,0.088134765625,1491435289876
"pos_a",0.9501953125,0.296630859375,0.085205078125,1491435289892
"pos_a",0.9501953125,0.296630859375,0.085205078125,1491435289892
"pos_a",0.9501953125,0.296630859375,0.085205078125,1491435289897
"pos_a",0.9501953125,0.296630859375,0.085205078125,1491435289897
"pos_a",0.940185546875,0.282470703125,0.07763671875,1491435289911
"pos_a",0.940185546875,0.282470703125,0.07763671875,1491435289911
"pos_a",0.940185546875,0.282470703125,0.07763671875,1491435289918
"pos_a",0.940185546875,0.282470703125,0.07763671875,1491435289918
"pos_a",0.939208984375,0.27783203125,0.074951171875,1491435289924
"pos_a",0.939208984375,0.27783203125,0.074951171875,1491435289924
"pos_a",0.939208984375,0.27783203125,0.074951171875,1491435289930
"pos_a",0.939208984375,0.27783203125,0.074951171875,1491435289930
"pos_a",0.9345703125,0.257568359375,0.0615234375,1491435289940
"pos_a",0.9345703125,0.257568359375,0.0615234375,1491435289940
"pos_a",0.9345703125,0.257568359375,0.0615234375,1491435289947
"pos_a",0.9345703125,0.257568359375,0.0615234375,1491435289947
"pos_a",0.929443359375,0.259033203125,0.045166015625,1491435289963
"pos_a",0.929443359375,0.259033203125,0.045166015625,1491435289963
"pos_a",0.919921875,0.28759765625,0.082275390625,1491435290169
"pos_a",0.926025390625,0.284912109375,0.077880859375,1491435290169
"pos_a",0.926025390625,0.284912109375,0.077880859375,1491435290169
"pos_a",0.934814453125,0.287841796875,0.074951171875,1491435290182
"pos_a",0.934814453125,0.287841796875,0.074951171875,1491435290182
"pos_a",0.934814453125,0.287841796875,0.074951171875,1491435290183
"pos_a",0.934814453125,0.287841796875,0.074951171875,1491435290183
"pos_a",0.940673828125,0.298095703125,0.0732421875,1491435290197
"pos_a",0.940673828125,0.298095703125,0.0732421875,1491435290197
"pos_a",0.940673828125,0.298095703125,0.0732421875,1491435290199
"pos_a",0.940673828125,0.298095703125,0.0732421875,1491435290199
"pos_a",0.9443359375,0.30224609375,0.0771484375,1491435290210
"pos_a",0.9443359375,0.30224609375,0.0771484375,1491435290210
"pos_a",0.9443359375,0.30224609375,0.0771484375,1491435290213
"pos_a",0.9443359375,0.30224609375,0.0771484375,1491435290213
"pos_a",0.945068359375,0.300048828125,0.076171875,1491435290223
"pos_a",0.945068359375,0.300048828125,0.076171875,1491435290223
"pos_a",0.945068359375,0.300048828125,0.076171875,1491435290226
"pos_a",0.945068359375,0.300048828125,0.076171875,1491435290226
"pos_a",0.9404296875,0.29931640625,0.073974609375,1491435290257
"pos_a",0.9404296875,0.29931640625,0.073974609375,1491435290257
"pos_a",0.937255859375,0.2978515625,0.07373046875,1491435290262
"pos_a",0.937255859375,0.2978515625,0.07373046875,1491435290262
"pos_a",0.9404296875,0.29931640625,0.073974609375,1491435290270
"pos_a",0.9404296875,0.29931640625,0.073974609375,1491435290270
"pos_a",0.937255859375,0.2978515625,0.07373046875,1491435290275
"pos_a",0.937255859375,0.2978515625,0.07373046875,1491435290275
"pos_a",0.93408203125,0.30322265625,0.072998046875,1491435290282
"pos_a",0.93408203125,0.30322265625,0.072998046875,1491435290282
"pos_a",0.93408203125,0.30322265625,0.072998046875,1491435290287
"pos_a",0.93408203125,0.30322265625,0.072998046875,1491435290287
"pos_a",0.93408203125,0.29931640625,0.0703125,1491435290308
"pos_a",0.93408203125,0.29931640625,0.0703125,1491435290308
"pos_a",0.935546875,0.30078125,0.070068359375,1491435290313
"pos_a",0.928955078125,0.286865234375,0.064697265625,1491435290370
"pos_a",0.928955078125,0.286865234375,0.064697265625,1491435290370
"pos_a",0.928955078125,0.286865234375,0.064697265625,1491435290371
"pos_a",0.928955078125,0.286865234375,0.064697265625,1491435290371
"pos_a",0.934814453125,0.288330078125,0.06689453125,1491435290389
"pos_a",0.934814453125,0.288330078125,0.06689453125,1491435290389
"pos_a",0.934814453125,0.288330078125,0.06689453125,1491435290389
"pos_a",0.934814453125,0.288330078125,0.06689453125,1491435290389
"pos_a",0.93701171875,0.291748046875,0.06787109375,1491435290402
"pos_a",0.93701171875,0.291748046875,0.06787109375,1491435290402
"pos_a",0.93701171875,0.291748046875,0.06787109375,1491435290405
"pos_a",0.93701171875,0.291748046875,0.06787109375,1491435290405
"pos_a",0.935546875,0.298095703125,0.073974609375,1491435290424
"pos_a",0.935546875,0.298095703125,0.073974609375,1491435290424
"pos_a",0.935546875,0.298095703125,0.073974609375,1491435290427
"pos_a",0.935546875,0.298095703125,0.073974609375,1491435290427
"pos_a",0.932861328125,0.293212890625,0.076171875,1491435290432
"pos_a",0.932861328125,0.293212890625,0.076171875,1491435290432
"pos_a",0.932861328125,0.293212890625,0.076171875,1491435290436
"pos_a",0.932861328125,0.293212890625,0.076171875,1491435290436
"pos_a",0.93212890625,0.293701171875,0.076904296875,1491435290452
"pos_a",0.93212890625,0.293701171875,0.076904296875,1491435290452
"pos_a",0.93212890625,0.293701171875,0.076904296875,1491435290457
"pos_a",0.93212890625,0.293701171875,0.076904296875,1491435290457
"pos_a",0.930908203125,0.294189453125,0.078125,1491435290470
"pos_a",0.930908203125,0.294189453125,0.078125,1491435290470
"pos_a",0.930908203125,0.294189453125,0.078125,1491435290474
"pos_a",0.930908203125,0.294189453125,0.078125,1491435290474
"pos_a",0.932861328125,0.300048828125,0.08056640625,1491435290487
"pos_a",0.932861328125,0.300048828125,0.08056640625,1491435290487
"pos_a",0.932861328125,0.300048828125,0.08056640625,1491435290491
"pos_a",0.932861328125,0.300048828125,0.08056640625,1491435290491
"pos_a",0.937744140625,0.302490234375,0.084228515625,1491435290502
"pos_a",0.937744140625,0.302490234375,0.084228515625,1491435290502
"pos_a",0.9462890625,0.295166015625,0.092041015625,1491435290651
"pos_a",0.9462890625,0.295166015625,0.092041015625,1491435290651
"pos_a",0.9462890625,0.295166015625,0.092041015625,1491435290654
"pos_a",0.9462890625,0.295166015625,0.092041015625,1491435290654
"pos_a",0.949462890625,0.289794921875,0.087890625,1491435290666
"pos_a",0.949462890625,0.289794921875,0.087890625,1491435290666
"pos_a",0.949462890625,0.289794921875,0.087890625,1491435290668
"pos_a",0.949462890625,0.289794921875,0.087890625,1491435290668
"pos_a",0.9521484375,0.289794921875,0.085205078125,1491435290686
"pos_a",0.9521484375,0.289794921875,0.085205078125,1491435290686
"pos_a",0.9521484375,0.289794921875,0.085205078125,1491435290688
"pos_a",0.9521484375,0.289794921875,0.085205078125,1491435290688
"pos_a",0.953125,0.288818359375,0.08447265625,1491435290701
"pos_a",0.953125,0.288818359375,0.08447265625,1491435290701
"pos_a",0.953125,0.288818359375,0.08447265625,1491435290703
"pos_a",0.953125,0.288818359375,0.08447265625,1491435290703
"pos_a",0.95166015625,0.284423828125,0.0810546875,1491435290718
"pos_a",0.95166015625,0.284423828125,0.0810546875,1491435290719
"pos_a",0.95166015625,0.284423828125,0.0810546875,1491435290722
"pos_a",0.95166015625,0.284423828125,0.0810546875,1491435290722
"pos_a",0.950927734375,0.286376953125,0.07958984375,1491435290735
"pos_a",0.950927734375,0.286376953125,0.07958984375,1491435290735
"pos_a",0.950927734375,0.286376953125,0.07958984375,1491435290738
"pos_a",0.950927734375,0.286376953125,0.07958984375,1491435290739
"pos_a",0.951171875,0.28564453125,0.078369140625,1491435290755
"pos_a",0.951171875,0.28564453125,0.078369140625,1491435290755
"pos_a",0.951171875,0.28564453125,0.078369140625,1491435290761
"pos_a",0.951171875,0.28564453125,0.078369140625,1491435290761
"pos_a",0.947509765625,0.27880859375,0.078369140625,1491435290771
"pos_a",0.947509765625,0.27880859375,0.078369140625,1491435290772
"pos_a",0.947509765625,0.27880859375,0.078369140625,1491435290777
"pos_a",0.947509765625,0.27880859375,0.078369140625,1491435290777
"pos_a",0.94189453125,0.274658203125,0.07470703125,1491435290795
"pos_a",0.94189453125,0.274658203125,0.07470703125,1491435290796
"pos_a",0.94287109375,0.27685546875,0.087158203125,1491435291003
"pos_a",0.943603515625,0.264404296875,0.091552734375,1491435291009
"pos_a",0.943603515625,0.264404296875,0.091552734375,1491435291009
"pos_a",0.9482421875,0.273193359375,0.100830078125,1491435291014
"pos_a",0.9482421875,0.273193359375,0.100830078125,1491435291015
"pos_a",0.9482421875,0.273193359375,0.100830078125,1491435291016
"pos_a",0.9482421875,0.273193359375,0.100830078125,1491435291016
"pos_a",0.9453125,0.2890625,0.098388671875,1491435291032
"pos_a",0.9453125,0.2890625,0.098388671875,1491435291032
"pos_a",0.9453125,0.2890625,0.098388671875,1491435291032
"pos_a",0.9453125,0.2890625,0.098388671875,1491435291032
"pos_a",0.94189453125,0.2978515625,0.095947265625,1491435291049
"pos_a",0.94189453125,0.2978515625,0.095947265625,1491435291049
"pos_a",0.94189453125,0.2978515625,0.095947265625,1491435291049
"pos_a",0.94189453125,0.2978515625,0.095947265625,1491435291049
"pos_a",0.940185546875,0.281494140625,0.108154296875,1491435291068
"pos_a",0.940185546875,0.281494140625,0.108154296875,1491435291068
"pos_a",0.940185546875,0.281494140625,0.108154296875,1491435291072
"pos_a",0.940185546875,0.281494140625,0.108154296875,1491435291072
"pos_a",0.929931640625,0.28125,0.113037109375,1491435291084
"pos_a",0.929931640625,0.28125,0.113037109375,1491435291084
"pos_a",0.935791015625,0.286376953125,0.10498046875,1491435291088
"pos_a",0.935791015625,0.286376953125,0.10498046875,1491435291088
"pos_a",0.929931640625,0.28125,0.113037109375,1491435291094
"pos_a",0.929931640625,0.28125,0.113037109375,1491435291094
"pos_a",0.935791015625,0.286376953125,0.10498046875,1491435291098
"pos_a",0.935791015625,0.286376953125,0.10498046875,1491435291098
"pos_a",0.93115234375,0.289306640625,0.08203125,1491435291119
"pos_a",0.93115234375,0.289306640625,0.08203125,1491435291119
"pos_a",0.93115234375,0.289306640625,0.08203125,1491435291124
"pos_a",0.93115234375,0.289306640625,0.08203125,1491435291124
"pos_a",0.932861328125,0.285888671875,0.069091796875,1491435291135
"pos_a",0.932861328125,0.285888671875,0.069091796875,1491435291135
"pos_a",0.93359375,0.282470703125,0.07080078125,1491435291139
"pos_a",0.946044921875,0.2841796875,0.089599609375,1491435291205
"pos_a",0.946044921875,0.2841796875,0.089599609375,1491435291205
"pos_a",0.946044921875,0.2841796875,0.089599609375,1491435291209
"pos_a",0.946044921875,0.2841796875,0.089599609375,1491435291209
"pos_a",0.954833984375,0.301513671875,0.110107421875,1491435291221
"pos_a",0.954833984375,0.301513671875,0.110107421875,1491435291221
"pos_a",0.954833984375,0.301513671875,0.110107421875,1491435291229
"pos_a",0.954833984375,0.301513671875,0.110107421875,1491435291229
"pos_a",0.962158203125,0.312744140625,0.124267578125,1491435291236
"pos_a",0.962158203125,0.312744140625,0.124267578125,1491435291236
"pos_a",0.962158203125,0.312744140625,0.124267578125,1491435291241
"pos_a",0.962158203125,0.312744140625,0.124267578125,1491435291241
"pos_a",0.961181640625,0.3095703125,0.146484375,1491435291250
"pos_a",0.961181640625,0.3095703125,0.146484375,1491435291250
"pos_a",0.961181640625,0.3095703125,0.146484375,1491435291255
"pos_a",0.961181640625,0.3095703125,0.146484375,1491435291255
"pos_a",0.95947265625,0.2802734375,0.161865234375,1491435291287
"pos_a",0.95947265625,0.2802734375,0.161865234375,1491435291287
"pos_a",0.94921875,0.30126953125,0.140625,1491435291292
"pos_a",0.94921875,0.30126953125,0.140625,1491435291293
"pos_a",0.95947265625,0.2802734375,0.161865234375,1491435291299
"pos_a",0.95947265625,0.2802734375,0.161865234375,1491435291299
"pos_a",0.94921875,0.30126953125,0.140625,1491435291304
"pos_a",0.94921875,0.30126953125,0.140625,1491435291304
"pos_a",0.931396484375,0.338134765625,0.08056640625,1491435291309
"pos_a",0.931396484375,0.338134765625,0.08056640625,1491435291310
"pos_a",0.931396484375,0.338134765625,0.08056640625,1491435291316
"pos_a",0.931396484375,0.338134765625,0.08056640625,1491435291316
"pos_a",0.926025390625,0.333740234375,0.069580078125,1491435291321
"pos_a",0.926025390625,0.333740234375,0.069580078125,1491435291321
"pos_a",0.926025390625,0.333740234375,0.069580078125,1491435291327
"pos_a",0.926025390625,0.333740234375,0.069580078125,1491435291327
"pos_a",0.9296875,0.322509765625,0.071533203125,1491435291336
"pos_a",0.9296875,0.322509765625,0.071533203125,1491435291336
"pos_a",0.932373046875,0.234130859375,0.11962890625,1491435291481
"pos_a",0.932373046875,0.234130859375,0.11962890625,1491435291481
"pos_a",0.932373046875,0.234130859375,0.11962890625,1491435291485
"pos_a",0.932373046875,0.234130859375,0.11962890625,1491435291485
"pos_a",0.93115234375,0.2626953125,0.129150390625,1491435291500
"pos_a",0.93115234375,0.2626953125,0.129150390625,1491435291500
"pos_a",0.93115234375,0.2626953125,0.129150390625,1491435291504
"pos_a",0.93115234375,0.2626953125,0.129150390625,1491435291504
"pos_a",0.9296875,0.281494140625,0.130615234375,1491435291516
"pos_a",0.9296875,0.281494140625,0.130615234375,1491435291516
"pos_a",0.9296875,0.281494140625,0.130615234375,1491435291521
"pos_a",0.9296875,0.281494140625,0.130615234375,1491435291522
"pos_a",0.92626953125,0.29638671875,0.130126953125,1491435291535
"pos_a",0.92626953125,0.29638671875,0.130126953125,1491435291535
"pos_a",0.92626953125,0.29638671875,0.130126953125,1491435291540
"pos_a",0.92626953125,0.29638671875,0.130126953125,1491435291540
"pos_a",0.931396484375,0.301025390625,0.150146484375,1491435291552
"pos_a",0.931396484375,0.301025390625,0.150146484375,1491435291552
"pos_a",0.931396484375,0.301025390625,0.150146484375,1491435291558
"pos_a",0.931396484375,0.301025390625,0.150146484375,1491435291558
"pos_a",0.939697265625,0.30322265625,0.16796875,1491435291569
"pos_a",0.939697265625,0.30322265625,0.16796875,1491435291569
"pos_a",0.939697265625,0.30322265625,0.16796875,1491435291575
"pos_a",0.939697265625,0.30322265625,0.16796875,1491435291575
"pos_a",0.94140625,0.311279296875,0.165283203125,1491435291589
"pos_a",0.94140625,0.311279296875,0.165283203125,1491435291589
"pos_a",0.94140625,0.311279296875,0.165283203125,1491435291596
"pos_a",0.94140625,0.311279296875,0.165283203125,1491435291596
"pos_a",0.943359375,0.293212890625,0.16943359375,1491435291604
"pos_a",0.943359375,0.293212890625,0.16943359375,1491435291604
"pos_a",0.943359375,0.293212890625,0.16943359375,1491435291657
"pos_a",0.943359375,0.293212890625,0.16943359375,1491435291657
"pos_a",0.952392578125,0.31201171875,0.151611328125,1491435291663
"pos_a",0.952392578125,0.31201171875,0.151611328125,1491435291664
"pos_a",0.922607421875,0.30078125,0.0927734375,1491435291846
"pos_a",0.925048828125,0.30224609375,0.088134765625,1491435291851
"pos_a",0.925048828125,0.30224609375,0.088134765625,1491435291851
"pos_a",0.9228515625,0.28759765625,0.08056640625,1491435291856
"pos_a",0.9228515625,0.28759765625,0.08056640625,1491435291857
"pos_a",0.9228515625,0.28759765625,0.08056640625,1491435291863
"pos_a",0.9228515625,0.28759765625,0.08056640625,1491435291863
"pos_a",0.9345703125,0.288330078125,0.07373046875,1491435291869
"pos_a",0.9345703125,0.288330078125,0.07373046875,1491435291869
"pos_a",0.9345703125,0.288330078125,0.07373046875,1491435291875
"pos_a",0.9345703125,0.288330078125,0.07373046875,1491435291875
"pos_a",0.938720703125,0.287841796875,0.0703125,1491435291882
"pos_a",0.938720703125,0.287841796875,0.0703125,1491435291882
"pos_a",0.938720703125,0.287841796875,0.0703125,1491435291888
"pos_a",0.938720703125,0.287841796875,0.0703125,1491435291889
"pos_a",0.947265625,0.29296875,0.07275390625,1491435291900
"pos_a",0.947265625,0.29296875,0.07275390625,1491435291900
"pos_a",0.947265625,0.29296875,0.07275390625,1491435291906
"pos_a",0.947265625,0.29296875,0.07275390625,1491435291906
"pos_a",0.952392578125,0.2998046875,0.07373046875,1491435291917
"pos_a",0.952392578125,0.2998046875,0.07373046875,1491435291917
"pos_a",0.957275390625,0.302490234375,0.075927734375,1491435291920
"pos_a",0.957275390625,0.302490234375,0.075927734375,1491435291920
"pos_a",0.952392578125,0.2998046875,0.07373046875,1491435291925
"pos_a",0.952392578125,0.2998046875,0.07373046875,1491435291925
"pos_a",0.957275390625,0.302490234375,0.075927734375,1491435291928
"pos_a",0.957275390625,0.302490234375,0.075927734375,1491435291928
"pos_a",0.954833984375,0.3056640625,0.079345703125,1491435291948
"pos_a",0.954833984375,0.3056640625,0.079345703125,1491435291949
"pos_a",0.954833984375,0.3056640625,0.079345703125,1491435291952
"pos_a",0.954833984375,0.3056640625,0.079345703125,1491435291952
"pos_a",0.949462890625,0.30712890625,0.081298828125,1491435291975
"pos_a",0.949462890625,0.30712890625,0.081298828125,1491435291975
"pos_a",0.949951171875,0.3037109375,0.08447265625,1491435291980
"pos_a",0.92919921875,0.26708984375,0.082275390625,1491435292047
"pos_a",0.92919921875,0.26708984375,0.082275390625,1491435292047
"pos_a",0.92919921875,0.26708984375,0.082275390625,1491435292048
"pos_a",0.92919921875,0.26708984375,0.082275390625,1491435292048
"pos_a",0.9287109375,0.26025390625,0.094482421875,1491435292064
"pos_a",0.9287109375,0.26025390625,0.094482421875,1491435292064
"pos_a",0.931884765625,0.2607421875,0.100341796875,1491435292064
"pos_a",0.931884765625,0.2607421875,0.100341796875,1491435292064
"pos_a",0.9287109375,0.26025390625,0.094482421875,1491435292064
"pos_a",0.9287109375,0.26025390625,0.094482421875,1491435292064
"pos_a",0.931884765625,0.2607421875,0.100341796875,1491435292068
"pos_a",0.931884765625,0.2607421875,0.100341796875,1491435292068
"pos_a",0.93115234375,0.26953125,0.111328125,1491435292099
"pos_a",0.93115234375,0.26953125,0.111328125,1491435292099
"pos_a",0.93115234375,0.26953125,0.111328125,1491435292102
"pos_a",0.93115234375,0.26953125,0.111328125,1491435292102
"pos_a",0.931884765625,0.271240234375,0.10693359375,1491435292115
"pos_a",0.936279296875,0.308349609375,0.0859375,1491435292245
"pos_a",0.928955078125,0.281982421875,0.08056640625,1491435292264
"pos_a",0.928955078125,0.281982421875,0.08056640625,1491435292264
"pos_a",0.927490234375,0.24462890625,0.0810546875,1491435292264
"pos_a",0.927490234375,0.24462890625,0.0810546875,1491435292264
"pos_a",0.928955078125,0.281982421875,0.08056640625,1491435292265
"pos_a",0.928955078125,0.281982421875,0.08056640625,1491435292265
"pos_a",0.927490234375,0.24462890625,0.0810546875,1491435292268
"pos_a",0.927490234375,0.24462890625,0.0810546875,1491435292268
"pos_a",0.951904296875,0.2470703125,0.092529296875,1491435292277
"pos_a",0.951904296875,0.2470703125,0.092529296875,1491435292277
"pos_a",0.951904296875,0.2470703125,0.092529296875,1491435292281
"pos_a",0.951904296875,0.2470703125,0.092529296875,1491435292281
"pos_a",0.955322265625,0.2890625,0.089111328125,1491435292317
"pos_a",0.955322265625,0.2890625,0.089111328125,1491435292317
"pos_a",0.95556640625,0.28564453125,0.084716796875,1491435292328
"pos_a",0.95556640625,0.28564453125,0.084716796875,1491435292328
"pos_a",0.955322265625,0.2890625,0.089111328125,1491435292336
"pos_a",0.955322265625,0.2890625,0.089111328125,1491435292336
"pos_a",0.95556640625,0.28564453125,0.084716796875,1491435292341
"pos_a",0.95556640625,0.28564453125,0.084716796875,1491435292341
"pos_a",0.95068359375,0.3076171875,0.077880859375,1491435292348
"pos_a",0.95068359375,0.3076171875,0.077880859375,1491435292348
"pos_a",0.95068359375,0.3076171875,0.077880859375,1491435292354
"pos_a",0.95068359375,0.3076171875,0.077880859375,1491435292354
"pos_a",0.950927734375,0.333251953125,0.076904296875,1491435292359
"pos_a",0.950927734375,0.333251953125,0.076904296875,1491435292359
"pos_a",0.950927734375,0.333251953125,0.076904296875,1491435292366
"pos_a",0.950927734375,0.333251953125,0.076904296875,1491435292366
"pos_a",0.948486328125,0.3359375,0.07666015625,1491435292367
"pos_a",0.948486328125,0.3359375,0.07666015625,1491435292367
"pos_a",0.948486328125,0.3359375,0.07666015625,1491435292369
"pos_a",0.948486328125,0.3359375,0.07666015625,1491435292369
"pos_a",0.93701171875,0.322998046875,0.06884765625,1491435292379
"pos_a",0.93701171875,0.322998046875,0.06884765625,1491435292379
"pos_a",0.93701171875,0.322998046875,0.06884765625,1491435292381
"pos_a",0.93701171875,0.322998046875,0.06884765625,1491435292381
"pos_a",0.9365234375,0.303955078125,0.072998046875,1491435292396
"pos_a",0.9365234375,0.303955078125,0.072998046875,1491435292396
"pos_a",0.9365234375,0.303955078125,0.072998046875,1491435292398
"pos_a",0.9365234375,0.303955078125,0.072998046875,1491435292398
"pos_a",0.93408203125,0.305908203125,0.06494140625,1491435292414
"pos_a",0.93408203125,0.305908203125,0.06494140625,1491435292414
"pos_a",0.93408203125,0.305908203125,0.06494140625,1491435292417
"pos_a",0.93408203125,0.305908203125,0.06494140625,1491435292417
"pos_a",0.933349609375,0.286865234375,0.057861328125,1491435292425
"pos_a",0.933349609375,0.286865234375,0.057861328125,1491435292425
"pos_a",0.933349609375,0.286865234375,0.057861328125,1491435292428
"pos_a",0.933349609375,0.286865234375,0.057861328125,1491435292428
"pos_a",0.93505859375,0.27685546875,0.05517578125,1491435292442
"pos_a",0.93505859375,0.27685546875,0.05517578125,1491435292442
"pos_a",0.943603515625,0.298828125,0.064208984375,1491435292601
"pos_a",0.943603515625,0.298828125,0.064208984375,1491435292601
"pos_a",0.943603515625,0.298828125,0.064208984375,1491435292606
"pos_a",0.943603515625,0.298828125,0.064208984375,1491435292606
"pos_a",0.953857421875,0.3017578125,0.070556640625,1491435292618
"pos_a",0.953857421875,0.3017578125,0.070556640625,1491435292618
"pos_a",0.953857421875,0.3017578125,0.070556640625,1491435292625
"pos_a",0.953857421875,0.3017578125,0.070556640625,1491435292625
"pos_a",0.960205078125,0.302490234375,0.07958984375,1491435292630
"pos_a",0.960205078125,0.302490234375,0.07958984375,1491435292630
"pos_a",0.960205078125,0.302490234375,0.07958984375,1491435292637
"pos_a",0.960205078125,0.302490234375,0.07958984375,1491435292637
"pos_a",0.961181640625,0.29833984375,0.08447265625,1491435292665
"pos_a",0.961181640625,0.29833984375,0.08447265625,1491435292665
"pos_a",0.961181640625,0.29833984375,0.08447265625,1491435292688
"pos_a",0.961181640625,0.29833984375,0.08447265625,1491435292688
"pos_a",0.957763671875,0.297607421875,0.084228515625,1491435292690
"pos_a",0.957763671875,0.297607421875,0.084228515625,1491435292690
"pos_a",0.957763671875,0.297607421875,0.084228515625,1491435292693
"pos_a",0.957763671875,0.297607421875,0.084228515625,1491435292693
"pos_a",0.954833984375,0.27978515625,0.08642578125,1491435292695
"pos_a",0.954833984375,0.27978515625,0.08642578125,1491435292695
"pos_a",0.954833984375,0.27978515625,0.08642578125,1491435292696
"pos_a",0.954833984375,0.27978515625,0.08642578125,1491435292696
"pos_a",0.95166015625,0.277099609375,0.082763671875,1491435292698
"pos_a",0.95166015625,0.277099609375,0.082763671875,1491435292698
"pos_a",0.95166015625,0.277099609375,0.082763671875,1491435292699
"pos_a",0.95166015625,0.277099609375,0.082763671875,1491435292699
"pos_a",0.94482421875,0.27197265625,0.08056640625,1491435292713
"pos_a",0.94482421875,0.27197265625,0.08056640625,1491435292713
"pos_a",0.94482421875,0.27197265625,0.08056640625,1491435292713
"pos_a",0.94482421875,0.27197265625,0.08056640625,1491435292713
"pos_a",0.93310546875,0.261962890625,0.0810546875,1491435292743
"pos_a",0.93310546875,0.261962890625,0.0810546875,1491435292743
"pos_a",0.93310546875,0.261962890625,0.0810546875,1491435292745
"pos_a",0.93310546875,0.261962890625,0.0810546875,1491435292745
"pos_a",0.92626953125,0.259521484375,0.080322265625,1491435292746
"pos_a",0.92626953125,0.259521484375,0.080322265625,1491435292746
"pos_a",0.92626953125,0.259521484375,0.080322265625,1491435292748
"pos_a",0.92626953125,0.259521484375,0.080322265625,1491435292748
"pos_a",0.926513671875,0.261474609375,0.08203125,1491435292760
"pos_a",0.926513671875,0.261474609375,0.08203125,1491435292760
"pos_a",0.926513671875,0.261474609375,0.08203125,1491435292760
"pos_a",0.926513671875,0.261474609375,0.08203125,1491435292760
"pos_a",0.93310546875,0.2685546875,0.0849609375,1491435292779
"pos_a",0.93310546875,0.2685546875,0.0849609375,1491435292779
"pos_a",0.93310546875,0.2685546875,0.0849609375,1491435292780
"pos_a",0.93310546875,0.2685546875,0.0849609375,1491435292780
"pos_a",0.941162109375,0.273193359375,0.08203125,1491435292800
"pos_a",0.941162109375,0.273193359375,0.08203125,1491435292800
"pos_a",0.943115234375,0.275634765625,0.07861328125,1491435292800
"pos_a",0.948486328125,0.317626953125,0.080322265625,1491435292885
"pos_a",0.948486328125,0.317626953125,0.080322265625,1491435292885
"pos_a",0.948486328125,0.317626953125,0.080322265625,1491435292888
"pos_a",0.948486328125,0.317626953125,0.080322265625,1491435292888
"pos_a",0.9560546875,0.313720703125,0.075439453125,1491435292902
"pos_a",0.9560546875,0.313720703125,0.075439453125,1491435292902
"pos_a",0.9560546875,0.313720703125,0.075439453125,1491435292909
"pos_a",0.9560546875,0.313720703125,0.075439453125,1491435292909
"pos_a",0.9560546875,0.307861328125,0.073486328125,1491435292915
"pos_a",0.9560546875,0.307861328125,0.073486328125,1491435292915
"pos_a",0.9560546875,0.307861328125,0.073486328125,1491435292921
"pos_a",0.9560546875,0.307861328125,0.073486328125,1491435292921
"pos_a",0.9560546875,0.29345703125,0.07080078125,1491435292929
"pos_a",0.9560546875,0.29345703125,0.07080078125,1491435292929
"pos_a",0.9560546875,0.29345703125,0.07080078125,1491435292935
"pos_a",0.9560546875,0.29345703125,0.07080078125,1491435292935
"pos_a",0.960205078125,0.286865234375,0.06982421875,1491435292952
"pos_a",0.9521484375,0.27197265625,0.054443359375,1491435293076
"pos_a",0.947509765625,0.277587890625,0.0546875,1491435293092
"pos_a",0.947509765625,0.277587890625,0.0546875,1491435293092
"pos_a",0.946533203125,0.28076171875,0.059814453125,1491435293094
"pos_a",0.946533203125,0.28076171875,0.059814453125,1491435293094
"pos_a",0.947509765625,0.277587890625,0.0546875,1491435293096
"pos_a",0.947509765625,0.277587890625,0.0546875,1491435293096
"pos_a",0.946533203125,0.28076171875,0.059814453125,1491435293098
"pos_a",0.946533203125,0.28076171875,0.059814453125,1491435293098
"pos_a",0.936767578125,0.278076171875,0.070556640625,1491435293109
"pos_a",0.936767578125,0.278076171875,0.070556640625,1491435293109
"pos_a",0.936767578125,0.278076171875,0.070556640625,1491435293109
"pos_a",0.936767578125,0.278076171875,0.070556640625,1491435293109
"pos_a",0.937255859375,0.27783203125,0.073974609375,1491435293153
"pos_a",0.937255859375,0.27783203125,0.073974609375,1491435293153
"pos_a",0.940185546875,0.2783203125,0.073974609375,1491435293153
"pos_a",0.940185546875,0.2783203125,0.073974609375,1491435293153
"pos_a",0.937255859375,0.27783203125,0.073974609375,1491435293154
"pos_a",0.937255859375,0.27783203125,0.073974609375,1491435293154
"pos_a",0.940185546875,0.2783203125,0.073974609375,1491435293155
"pos_a",0.940185546875,0.2783203125,0.073974609375,1491435293155
"pos_a",0.945556640625,0.27294921875,0.071533203125,1491435293157
"pos_a",0.945556640625,0.27294921875,0.071533203125,1491435293157
"pos_a",0.945556640625,0.27294921875,0.071533203125,1491435293158
"pos_a",0.945556640625,0.27294921875,0.071533203125,1491435293158
"pos_a",0.9521484375,0.275634765625,0.069091796875,1491435293198
"pos_a",0.9521484375,0.275634765625,0.069091796875,1491435293198
"pos_a",0.95263671875,0.275390625,0.0712890625,1491435293200
"pos_a",0.95263671875,0.275390625,0.0712890625,1491435293200
"pos_a",0.9521484375,0.275634765625,0.069091796875,1491435293203
"pos_a",0.9521484375,0.275634765625,0.069091796875,1491435293203
"pos_a",0.95263671875,0.275390625,0.0712890625,1491435293206
"pos_a",0.95263671875,0.275390625,0.0712890625,1491435293206
"pos_a",0.95361328125,0.273193359375,0.07421875,1491435293209
"pos_a",0.95361328125,0.273193359375,0.07421875,1491435293209
"pos_a",0.95361328125,0.273193359375,0.07421875,1491435293212
"pos_a",0.95361328125,0.273193359375,0.07421875,1491435293212
"pos_a",0.9501953125,0.28369140625,0.07568359375,1491435293241
"pos_a",0.9501953125,0.28369140625,0.07568359375,1491435293241
"pos_a",0.943359375,0.28369140625,0.073974609375,1491435293242
"pos_a",0.943359375,0.28369140625,0.073974609375,1491435293242
"pos_a",0.9501953125,0.28369140625,0.07568359375,1491435293244
"pos_a",0.9501953125,0.28369140625,0.07568359375,1491435293244
"pos_a",0.943359375,0.28369140625,0.073974609375,1491435293246
"pos_a",0.943359375,0.28369140625,0.073974609375,1491435293246
"pos_a",0.942626953125,0.286376953125,0.0732421875,1491435293257
"pos_a",0.942626953125,0.286376953125,0.0732421875,1491435293257
"pos_a",0.942626953125,0.286376953125,0.0732421875,1491435293258
"pos_a",0.942626953125,0.286376953125,0.0732421875,1491435293258
"pos_a",0.94677734375,0.2763671875,0.075927734375,1491435293306
"pos_a",0.94677734375,0.2763671875,0.075927734375,1491435293306
